Blatt | G1 | G2 | G3 | G4 | Summe
------+----+----+----+----+------
    1 |  8 |  5 | 21 | 18 |    52
    2 | 10 |  7 | 16 | 19 |    52
    3 |  8 |  6 | 12 | 14 |    40
    4 |  9 |  5 | 14 | 13 |    41
    5 |  7 |  3 | 14 |  9 |    33
    6 |  7 |  6 | 11 | 11 |    35
    7 |  7 |  6 | 14 | 10 |    37
    8 |  9 |  3 | 14 | 12 |    38
    9 |  9 |  5 | 14 | 12 |    40
   10 |  4 |  5 | 12 | 12 |    33
   11 |  6 |  4 |  7 | 10 |    27
   12 |  6 |  3 |  9 | 11 |    29
   13 |  4 |  3 |  5 |  8 |    20
   14 |                   |     9
